+-----------+-----------+----------+----------------+
| Iteration | Avg. Loss | Accuracy | Time (seconds) |
+-----------+-----------+----------+----------------+
|   5000    |  2.081212 | 31.9200% |    20.09479    |
|   10000   |  1.535288 | 48.2200% |    18.59604    |
|   15000   |  1.402262 | 52.9400% |    19.25982    |
|   20000   |  1.294702 | 56.2000% |    20.05465    |
|   25000   |  1.246974 | 58.9000% |    16.46506    |
|   30000   |  1.170154 | 61.1600% |    23.67864    |
|   35000   |  1.059157 | 65.1800% |    18.36314    |
|   40000   |  1.084137 | 64.8600% |    17.28439    |
|   45000   |  0.975938 | 68.5600% |    18.13333    |
|   50000   |  0.955109 | 69.5200% |    17.32407    |
|   55000   |  0.918453 | 70.6600% |    17.89685    |
|   60000   |  0.888619 | 71.9200% |    20.58149    |
|   65000   |  0.838742 | 73.6600% |    23.53905    |
|   70000   |  0.797849 | 74.5800% |    18.89031    |
|   75000   |  0.826171 | 73.7600% |    18.25946    |
|   80000   |  0.806494 | 75.3200% |    18.56409    |
|   85000   |  0.781477 | 75.0400% |    18.71218    |
|   90000   |  0.789148 | 75.0000% |    18.52360    |
|   95000   |  0.742450 | 76.6000% |    18.57056    |
|  100000   |  0.770448 | 75.7200% |    19.37880    |
+-----------+-----------+----------+----------------+

Loss on test set is 1.50456213951 and Accuracy is 60.9502598367%
[[ 10   0   0   0   0   0   1   0   0   0   2   0   0   0   2   1   0   0]
 [  0  14   0   0   0   0   0   0   0   3   0   1   0   0   0   0   0   0]
 [  0   0   8   0   1   0   0   0   0   0   0   2   0   4   0   4   0   1]
 [  0   1   0   3   0   0   0   0   0   1   0   0   0   0   0   0   1   1]
 [  0   0   0   0   5   0   0   2   0   0   1   0   0   0   0   1   1   0]
 [  0   0   4   0   1   8   1   4   0   0   1   1   2   1   2   3   6   1]
 [  0   0   0   0   0   1   1   0   0   0   0   0   1   0   4   0   0   0]
 [ 12   3   2   0  22  17  13 447   2   2  16  11   8   0  24  24  15  10]
 [  0   0   2   0   0   0   0   0   9   0   0   1   1   1   0   0   0   0]
 [  0   2   0   0   0   0   0   0   0   1   1   0   0   0   1   0   0   0]
 [  0   0   0   2   0   2   0   0   0   0 127   0   0   0   0   2   1   0]
 [  0   1   0   0   0   1   1   1   1   0   0  36   1   1   0   3   0   2]
 [  0   1   0   0   0   1   0   0   0   0   1   0  11   0   2   3   1   0]
 [  0   0   2   0   0   0   0   0   0   0   0   2   0   1   0   0   0   0]
 [ 20   0   8   2   3   9  24   6   0   2  11   5  22   5  54  47  26   1]
 [  1   0   0   0   1   0   0   0   0   1   1   0   0   0   1  13   0   1]
 [  1   0   2   1   1   1   1   1   0   1   3   0   5   0   9   5  18   0]
 [  0   2   1   0   0   0   0   0   1   0   2   2   0   1   2   0   1  55]]
